 Resultados de la simulación
 Numero de partículas:         500
 Volumen de la caja   1000.0000000000000     
 Lado de la caja   10.000000000000000     
 Radio de corte del potencial   5.0000000000000000     
 Energía potencial =  -1688.1603719028210     
 Energía cinética  =   1023.1603719028227     
 Energía total     =  -664.99999999999829     
 Momento neto  =   1.7341171882562566E-014
 Posiciones, velocidades, aceleraciones
     i       rx             ry             rz             vx             vy             vz             ax             ay             az
     1       0.025860      -0.030005       0.105809      -0.985330       0.045395       1.935534      -0.778814      -1.391114       2.600188
     2       1.148120       1.103970      -0.169526       2.039566       0.897367      -1.357825       2.145934      -0.593893       0.656854
     3       0.875260      -0.079232       0.960750      -0.234715       1.222326      -1.775454       1.295862      -2.199062      -4.076041
     4       0.123496       1.055597       1.016954      -0.988388      -0.244928      -0.472434       0.541330      -0.855742       0.245915
     5       1.899037       0.124216       0.076592      -1.242621      -1.392887       2.006772      -1.018893      -1.173954      -1.106009
     6       3.031117       1.143622      -0.146288       2.018644      -0.394204      -0.667965      -0.441814      -9.598170       9.125843
     7       2.802189      -0.016314       1.117838       0.298409      -1.739466       0.777897      -1.199665      -0.733070       0.091140
     8       1.944323       0.921148       0.872935       1.905657       1.907157      -1.947202      -0.037696       1.049179       0.039213
     9       3.913218       0.185940       0.077613      -1.007305      -1.715301       0.023938      -3.787377     -18.358488     -25.976928
    10       4.947635       1.172803       0.086927      -1.920682       0.457996      -2.024325      -1.259619       0.991313       0.537725
    11       5.040160      -0.137025       1.129642      -0.317319      -0.899084      -1.822421       0.555769       0.953909       0.553762
    12       4.007678       0.808142       0.838831       1.234124       0.339186      -1.316825       3.980296      21.357629      24.514863
    13       6.175389       0.090632       0.003806       1.008285       1.659185      -0.476477       0.967397       2.114970      -1.721689
    14       6.841502       1.168708       0.057276       0.918567      -1.272958      -0.266913       1.120539      -1.896684      -0.219150
    15       7.117181       0.073870       1.181107       1.457778       1.272771       1.213577       0.457192      -0.117592      -1.386560
    16       6.022693       1.154678       1.199778       0.579752      -1.377933      -1.378414       1.218430      -0.207377       2.069437
    17       7.868008       0.034622       0.154724      -1.957508      -0.556337       0.287141      -1.779169       0.470920       2.097216
    18       9.000747       0.815158      -0.178636      -0.925424       1.518177      -0.720824      -2.490302      -0.468519       0.610366
    19       9.178953      -0.037115       1.040353       0.931784       2.076920      -0.307817       3.653497      -0.898604      -1.094060
    20       7.898131       1.139978       1.065139      -1.308563      -0.258208       0.038560      -0.223159      -1.826118       1.860192
    21      -0.144915       1.984628       0.116962      -0.254329       0.269267      -0.476829      -1.649907      -0.783625       0.534226
    22       0.919247       3.154787       0.198321      -0.582240      -1.674018       1.968107      -0.292184       1.181122      -1.344250
    23       1.099773       2.025168       1.143108       0.181569      -0.352226      -0.660343       0.432956       0.320764       2.965712
    24      -0.146101       3.076439       1.143844      -0.582953       1.437990      -1.191422      -1.290257      -0.119554      -1.117529
    25       2.185704       1.967568       0.028962      -0.720430      -1.103841      -0.080485       1.416785      -0.589064      -0.393136
    26       2.917091       2.929165      -0.100216      -0.306652      -1.571107       0.452348      -1.093414      -2.188429       0.290066
    27       2.893982       2.150332       0.945587      -0.767205      -0.921059       0.538637      -0.056179       1.165511      -1.461309
    28       1.979482       3.007658       0.907664      -0.677472       0.500692      -1.756197      -0.301392      -1.439951      -1.577922
    29       4.031842       1.855532      -0.053987       0.341785       1.576581       1.523867      -1.355300      -0.697945      -1.087575
    30       5.010394       3.052891      -0.190179       0.871600       0.949555       0.317201      -0.602872       1.009087      -0.669298
    31       4.939058       1.950222       1.147523       0.613387      -0.598076       0.143896      -0.883729      -2.460483       1.371707
    32       3.949907       2.965063       0.824864      -1.903497       1.643744       1.864586      -1.471830      -0.220720      -0.237023
    33       6.071571       1.949613      -0.155093      -1.556456       0.603032      -0.822375      -0.052664       0.311933      -1.906109
    34       7.064016       2.893529       0.054894      -0.489743       0.192271       0.115840       1.107746      -0.185206       0.484364
    35       7.105796       1.917675       0.889035       1.500572       1.126717       0.851147       0.201769       1.233759      -0.025667
    36       5.975242       3.193089       1.107494      -1.045360       0.737051       1.098741      12.375247      -9.428654       2.192987
    37       7.989522       2.123421      -0.183127       1.049172       1.518370      -1.622579      -1.605530       0.789516      -1.623191
    38       8.829959       3.045240       0.130156       0.932365      -0.094951       1.370713      -0.808732       0.520212       1.385222
    39       8.926080       2.104863       1.037105       1.536954      -1.614841      -2.050261      -0.393927       0.672459       0.294687
    40       7.967055       3.154185       1.129923      -0.583305      -0.062817      -1.592482       0.163002       0.596024      -0.689904
    41      -0.073250       3.950159      -0.019740       1.514590       1.741703      -1.705483       0.385224      -0.761382       1.464715
    42       0.879092       5.160370      -0.178455       1.941181       1.387943      -0.853482       2.728727      -8.093576      14.190637
    43       0.838048       4.068029       0.878533      -0.580213       0.316020      -0.008867      -2.514108       0.485492      -0.689267
    44      -0.146280       4.924002       1.021671      -1.045098       1.119464      -0.723726      -0.676680      -1.038371       0.225023
    45       2.110262       3.970562       0.133460       1.514957      -0.122409      -1.474112       0.077214      -1.554224      -0.713084
    46       2.915628       5.134241       0.077501       1.718053       1.580646       1.076100       0.038886       1.909833       1.462239
    47       3.181584       4.126979       1.018428      -1.181370      -0.001961       1.451210       1.889468       2.765310      -0.166111
    48       2.178958       5.056210       1.122968       0.097199      -1.024171       0.366404      -0.830959       2.352987      -4.071952
    49       4.083072       4.188899       0.169961       0.914392       1.034850      -1.068226       0.817142       0.978470       2.497735
    50       5.068431       4.989537      -0.056482       0.314495      -1.128273       0.321594       0.062268       0.732169       0.043446
    51       5.186816       3.803542       0.871081       0.434826       0.290690      -1.563733     -11.757286      10.683110      -4.209499
    52       4.191187       4.940014       1.071858      -1.787250       0.553959      -1.259635      -1.328017       1.910067      -0.819575
    53       6.144632       3.935234      -0.015785       0.712664      -0.335606       0.425197       0.518567      -0.638953       0.622738
    54       7.173406       5.041001      -0.084412       1.244875      -0.462839       1.607072       0.030492       0.108424       3.025589
    55       7.125910       4.062543       0.904993       0.270138      -0.907454       2.013282      -4.675357       0.010222       5.141007
    56       5.837915       4.973749       1.122272       0.392003      -0.002052       1.484766      -1.688512      -0.127886      -0.657970
    57       7.847085       3.937181       0.134902      -1.553652      -1.456484       1.399507       4.929255      -1.937505      -4.283912
    58       9.168673       5.177518       0.010667      -0.252975      -1.413620       1.561711       0.642891       1.558107       0.485212
    59       9.143107       3.923207       0.879079       0.084474      -0.734687       1.129805       0.154036      -0.176722      -0.789376
    60       7.989073       5.139078       0.888512      -1.928206      -0.571365       0.471945      -1.324764       2.233745      -1.077673
    61      -0.123087       6.102814      -0.116187       0.545635       1.918560       1.836944       0.491125       0.349098      -2.372298
    62       0.905127       7.012719      -0.191586       0.858039       1.580908       1.458514      -4.743310     -15.010021      10.200312
    63       1.095761       5.847718       0.865569       1.117917       0.463824      -0.189570       0.365189      -0.805082      -0.413140
    64       0.095545       7.141879       0.811969       0.245666      -0.238482      -2.079752       0.203149       2.122443      -2.819575
    65       2.030417       6.044403       0.192077       0.619779      -1.683473       0.544654       1.634397      -0.709842      -0.113932
    66       3.049755       6.801440      -0.154457      -0.305788      -0.447768      -0.639760       1.103059      14.056409      19.731556
    67       3.179861       5.959865       1.109820      -1.728042      -0.309508       1.851167      -4.690608      -1.376226      -7.683771
    68       1.980889       7.129353       0.901025      -1.149993      -1.072727       0.345904      -1.119217      -3.621139       2.104940
    69       3.866605       5.884003       0.119729       1.887740       0.679433       0.399868      -2.085921      -0.704257       0.111295
    70       5.165954       6.978469      -0.068401      -0.309992      -1.204991       1.041567       2.104215      -0.761049       0.982920
    71       5.176097       6.096914       0.869666      -0.265770      -1.709747       1.800085      -2.063405      -2.336654      -2.220403
    72       4.088670       6.831527       1.029032      -1.830442      -0.475230      -0.558719      -0.183639      -3.145719      -0.093161
    73       6.085171       5.881507       0.070467      -1.022680      -0.004976       0.494014      -1.100482       0.202929       1.418047
    74       7.055238       6.836474      -0.071793       0.309097      -1.118816      -1.537924       0.798532      -1.369779      -1.023885
    75       7.142411       6.087220       1.027361       1.202835       0.919023      -1.361530       2.294492       0.602407       0.225543
    76       5.954013       6.839321       1.076493       0.539526      -1.138836       0.186598       2.367552       0.857246       1.259798
    77       7.944062       6.059104       0.003478       1.785752       1.568207       0.811566      -0.590037      -0.617238       0.504440
    78       8.913125       6.810604       0.007479      -0.570176       1.439952       0.333189      -0.195083      -1.816889      -0.557202
    79       8.912415       5.979999       1.033148      -1.272257       0.296795      -2.057158      -2.502352      -0.552878      -0.928396
    80       7.995143       6.873600       1.183687       1.657413      -0.625318      -0.036005      -1.523956      13.037804     -13.670328
    81      -0.076756       8.014254      -0.022748       0.471221      -0.835694       1.915931       1.000687       0.356476       0.761806
    82       1.010330       9.059071       0.013673       1.613114      -0.594105      -0.876190      -0.355146       0.638790       2.755154
    83       0.869558       8.143197       0.817042      -1.170807       1.863923       1.624178      -1.458457       1.014016      -2.049983
    84       0.038063       9.010434       0.924948      -2.004845      -1.125539       1.311755       1.022619       1.725669      -2.539690
    85       2.101481       7.920757       0.156387      -0.313731      -1.133083       0.825047      -0.015712       3.963123      -2.401041
    86       2.996695       8.970285      -0.078126       0.411371      -0.426778       0.540205       0.492680      -1.462262      -1.339723
    87       3.188610       8.086606       1.050855      -0.391812      -0.367642       0.560958     -16.875441     -19.068071      -1.579946
    88       1.924586       9.092354       0.994782       0.854236      -1.643261       0.777136      -0.363951       1.862794       0.795328
    89       3.808356       7.961843      -0.080338      -1.439626      -1.388663      -1.679557      -2.043818       1.635211      -1.174944
    90       5.059335       8.829599       0.017854      -1.823002       0.926830      -1.774672       1.904108       1.823554      -2.792159
    91       4.959474       8.141974       0.864465      -1.397885      -0.723436       0.316967       0.960305       0.063237       2.670338
    92       3.832404       8.844804       1.111527       0.488887      -0.523951      -0.484450      20.674028      18.438979      -0.275679
    93       6.026726       8.021653       0.130833       0.887588       0.377331      -2.081657      -0.723533       0.914017      -0.246740
    94       6.830665       9.183729       0.117447       0.338881      -0.992283       0.267080      -0.009969      -1.572307       1.674190
    95       7.087883       8.057456       0.808249      -1.431563       0.194807      -1.168383       0.285003       1.421478      -1.904438
    96       5.878892       9.020771       1.015822       2.069111      -0.885502      -1.512816      -0.157791       0.021241      -2.106557
    97       7.999123       8.150572      -0.139664      -0.237157      -1.842181      -0.199281      -0.271424      -0.734499      -1.613743
    98       9.173812       8.965544       0.055746       1.877625      -1.228004      -1.026277       3.383144      -0.864585       0.884681
    99       9.024213       7.981270       0.949789      -0.648093      -0.763930       0.793460       1.779924       0.490280      -0.746917
   100       7.944848       8.965526       1.147544      -0.582928       0.178479       1.836467      -1.418246       0.290099       1.451992
   101       0.186947       0.047904       1.812364       0.348003       0.615029       1.769947      -1.170626      -0.680849       0.127581
   102       1.186377       1.054334       2.092987      -0.724675       1.150604       0.553502      -9.754226     -12.644330      -1.588803
   103       1.037065      -0.155975       2.912508       0.733346       1.654628       1.981422      -0.358869      -1.147322      -1.300813
   104       0.077495       1.175925       3.154462       0.867717      -0.661714      -1.089594      -0.469044       0.829699       2.906465
   105       2.122751      -0.161962       2.026270      -1.232610      -0.508218       1.777760       0.096689      -1.837598       1.360401
   106       3.077043       1.159042       1.836609       0.795114       0.123652       1.329138       1.479120      -0.030925       2.250885
   107       3.170569       0.027086       2.812054      -0.584744       1.487471      -0.236002      -7.073604      -4.199369       0.264341
   108       2.174814       0.893809       2.882055       1.015152       0.161686       1.036484       2.167351       1.330733      -1.854353
   109       4.030907       0.111569       2.129610      -0.010895       0.150252      -0.547262       5.049414      -7.795756     -10.880964
   110       4.878088       0.978069       1.951817      -0.968331       1.501449       0.868668      -1.083569       0.806454       0.964629
   111       4.874462      -0.017299       2.909145       0.893985       1.396126       0.342030      -1.730655       1.946597       0.072103
   112       3.853338       0.854741       2.829267      -0.837593      -0.957993      -2.078321       1.561320      15.157803       7.668984
   113       6.194696       0.049844       1.831186      -0.510282       1.239821       0.363169      -1.082954      -0.764088      -0.519856
   114       6.931207       0.919850       1.984162       0.148283      -0.013128      -0.268519       0.289040      -0.738029      -1.556153
   115       7.045254       0.172037       3.138518       1.183708       0.438539       0.339943       0.796742       0.132438      -1.252744
   116       5.885522       1.080003       2.883489       0.897348      -0.242648      -0.318366       2.966312      -3.156517      -0.428185
   117       7.824838       0.112643       2.051659       1.096398       1.364822       1.729453      -1.907911      -0.219543       1.399651
   118       8.871702       1.166779       1.813709      -0.248182       0.078789       1.255932      -2.722753       2.161069      -1.292104
   119       9.073083       0.004246       2.938760      -1.067491       1.115043      -1.902633       1.203998      -1.262791       0.671763
   120       8.159026       1.131636       3.025068       0.597567      -1.725270       1.053293       0.416269       0.961954      -0.781376
   121       0.098291       2.187221       1.812839      -0.946189       1.656691      -0.884173       1.550972      -0.303366      -0.511382
   122       1.181302       2.957645       1.991763      -0.176834      -1.077742       1.552926       0.602570      -3.246465       0.030644
   123       0.909209       2.150714       2.899520      -0.161521       0.492018       1.097961      -0.122482       0.110229      -2.181952
   124      -0.059252       3.197039       3.075552      -1.129561      -0.920825      -1.733614      -7.804497      -3.435767       0.160338
   125       1.811770       1.857925       2.175427      -1.777233       0.213601       1.704139       9.479191      13.852698       1.918446
   126       3.140352       2.808036       1.880100      -1.997793      -1.022224       0.851875       0.867526      -1.586981      -1.078173
   127       3.008972       1.826661       2.972810       0.094002       1.037229      -0.122747      -0.296415       1.334977      -4.521293
   128       2.170585       2.946452       3.153001       0.966952      -1.201648      -1.727475       0.325000       7.272059      -3.575361
   129       4.053526       1.887241       1.969862      -0.195116       1.400460       0.104667      -0.265151      -1.670941       0.279581
   130       4.927843       3.095694       2.062978      -1.491108      -1.718438      -0.564798       0.901746       0.460969       0.745482
   131       5.120058       1.843983       2.950324       0.194981       1.160867      -2.033772      -3.127173       2.497443       0.423645
   132       4.090438       2.934167       3.044298      -0.517243      -0.889479      -0.455147       1.015241       0.357286       1.328380
   133       5.972392       1.987328       2.196610      -0.501259      -0.988480       0.680521       0.684293      -0.006602       0.217409
   134       7.198166       2.877486       1.999903       0.327763      -0.039015       0.851599       1.567142      -0.358851       0.699174
   135       7.074517       2.198177       2.939833       1.699413      -1.899418      -0.688064      -1.272167       1.885689       0.623047
   136       6.081075       3.125250       2.813777      -1.247472      -1.005121      -0.369368       0.892390      -0.513233       1.277703
   137       7.960183       1.985842       1.834384      -0.558924      -0.304784      -1.165256       0.962252       1.510212      -1.627666
   138       8.810916       2.863332       1.868658       1.700256       0.357418       0.785650      -0.323532       0.189477      -0.731260
   139       9.105010       2.054309       3.036897      -1.151661       0.056111       1.514831      -0.241905      -0.939083       2.119116
   140       7.922402       3.047135       3.113347       1.744851      -1.245943       1.323526      -1.233282       0.315228       0.445307
   141      -0.180629       4.121880       2.154103       0.044212      -1.131628       1.757618      -0.509389       1.463758       1.531247
   142       0.901354       4.863262       1.997136      -1.239775       1.072620       0.173698      -2.230588       0.785866      -0.413360
   143       0.801035       3.813594       3.118092      -1.321245      -1.836402      -1.273967       4.536339       5.231593       2.067186
   144      -0.105648       4.815102       3.194258       0.941639       1.170494       1.293265       1.474278      -1.893616      -2.392687
   145       2.119917       3.823131       2.192277      -0.599174      -1.559801       0.026852       0.099377      -1.613933       1.332826
   146       2.961893       5.107253       1.877794       0.288779      -1.349052      -0.041176       4.370380       0.663284       1.257274
   147       2.847992       4.199217       3.050345       1.535967       1.911939       1.831751      -2.200281      -0.558571       2.285830
   148       1.847460       5.080708       3.182347       0.471597       1.918001      -1.095842       0.811408       0.276924       0.492857
   149       4.043607       4.198178       1.889879       1.502771      -0.631979       1.349371      -0.222636       0.791635       0.458395
   150       4.848970       5.027176       2.137031       1.317784       0.573304       0.882945       2.825877      -0.641174      -5.232649
   151       5.043263       3.958798       3.069236      -1.143874      -0.623443      -1.890145       0.577003      -1.065694       1.172891
   152       4.102258       5.183064       2.883228       1.850664       1.320435       0.613842     -10.694934      -3.373044       3.008175
   153       6.079986       4.051387       1.805899      -0.559200       1.300626       0.019851      -0.616509       1.285069       0.563604
   154       7.177940       5.173822       2.047456       1.134939      -1.857007       0.982177       0.063146       1.269031       0.850288
   155       7.165786       3.960966       3.135497       0.206447      -0.307696      -0.190414      -0.013150       0.067615       1.909342
   156       6.186924       4.930208       2.880985       0.474928       1.945421      -0.722372       2.430615       0.419797      -0.128615
   157       8.025051       4.106832       1.964430       1.394659       1.643484       0.652862       0.222010      -0.604013       0.215511
   158       8.987926       5.095226       2.110104      -1.812925      -0.787040      -0.182766       0.985276      -1.519194       0.371824
   159       8.870084       4.060573       2.852644       0.457427      -1.290932      -1.417114       0.607633       1.328637       0.550632
   160       7.851845       4.918289       3.180034       2.018735      -0.397044      -1.716854       0.216864      -1.978817      -0.099470
   161       0.117150       5.949648       1.807694      -1.277075      -0.458705       0.089868       1.101049      -1.716310       0.089043
   162       1.140152       6.920530       1.967646      -0.297125       0.840058      -1.987315       1.346196      -0.473332       1.804653
   163       0.828472       5.958951       2.887634      -0.923154       1.871689       0.576734      -0.895057      -0.006152      -0.311825
   164      -0.194647       6.831685       3.026268       1.663705       0.506524       1.319441       2.224366       3.559863      -0.982366
   165       2.052743       5.941159       2.034788       0.675945       2.055649      -0.916555       1.362201      -0.275669      -1.157630
   166       2.862418       6.952234       2.170604       1.634703      -0.699950      -0.074865       0.932139      -0.634853       2.763958
   167       3.112263       6.183035       3.145533       0.558511       0.835115      -1.390496       1.878905       2.139607      -1.034285
   168       1.838034       7.130681       3.047142       1.442416      -0.243760       0.114525      -0.301255       0.828159      -0.965116
   169       3.819880       5.893614       1.951104       0.150047       1.477998       1.232810       5.288374      -2.261062       7.012601
   170       5.129084       6.981728       2.015419       0.518760      -0.947982       1.132118       2.077059       0.171215      -0.673338
   171       4.854756       5.921035       2.963753      -0.472977      -0.267723      -1.451740       5.066047       5.318669       0.792617
   172       3.800546       7.146255       2.947554       0.467927      -1.330173      -1.230327       0.101736      -0.966685      -0.044571
   173       6.194713       6.024626       2.126179      -1.703741       0.313964      -1.566773       1.687279       1.220385       0.500673
   174       7.073079       7.034689       1.959605       0.286664      -0.783709      -0.155346       1.655701      -1.613989       0.111229
   175       6.968722       6.042016       3.161299       0.830897      -1.399043       0.858348      -0.704206      -0.858610       0.263755
   176       5.926396       7.057245       2.848084       1.322227       0.594001       1.044557       1.118048       1.104566      -0.037250
   177       8.090224       6.176470       1.909468       1.778969       1.142596      -0.577620       1.289028     -13.959820      12.198802
   178       8.923560       7.070118       2.102871       0.175906       1.008130       0.416960      -1.491079       0.799240       0.547502
   179       9.125278       5.996115       3.185895       0.867905       1.153815      -1.182597      -0.818330      -3.697336       1.576194
   180       7.807148       7.193897       3.172976       1.733721      -0.925539      -0.105247       0.155244      -3.888114      -3.440792
   181      -0.027068       8.003846       2.032772       1.828207       0.926049       1.262830      -0.842263       0.940896       1.643951
   182       1.014555       8.970664       2.072081      -1.719902       0.488826      -1.513762       0.803551       1.150229       0.454867
   183       0.857546       7.810727       2.979861      -1.521429       0.116401      -0.978331       0.728488      -1.340163      -0.969560
   184      -0.091608       9.005173       2.904151      -0.127001      -0.917885       0.201615      -1.500691      -0.399346       0.093603
   185       1.880380       8.135793       2.073567       0.257947       1.579082      -0.762896      -0.663727       0.905420       1.031401
   186       3.021973       8.967916       1.827811       0.545378      -1.524301       1.285402      -3.638863       0.595676       2.529213
   187       3.121864       8.023765       2.907719       1.358401       1.159399       0.484963      -1.992790       1.607154       1.690199
   188       1.943956       9.135187       3.008751       1.610870      -0.514288       1.103386      -0.453043       0.895978      -2.678508
   189       3.842486       8.050910       2.088263       1.415692       0.764141       0.415569       1.331874       1.983521      -2.330958
   190       5.149198       9.029882       1.874174      -1.741811      -1.979486      -1.992042       0.201651      -2.573987       2.796288
   191       4.890008       8.183986       2.844766      -1.718871       0.343024      -0.883337       1.111404      -1.678774      -0.481043
   192       4.017787       8.867905       2.930539       0.672009      -0.754038       0.960798      -2.719856      -0.192395       0.039289
   193       5.879225       8.032929       2.168449       1.698488       1.414982       1.309975      -1.570820       0.565570       2.077112
   194       6.939325       9.158480       2.029435      -1.697003       0.887941       1.254721       1.641685       2.956027      -0.956391
   195       6.926220       7.866459       3.068751       1.797936      -1.339017      -1.517999      -2.319149       0.620825       1.301344
   196       6.165512       8.988373       2.861366      -0.076710      -1.268393       1.850865      -0.059520      -1.693966      -1.588164
   197       8.060384       7.874368       2.107852       1.113049      -1.854823      -1.437386       0.587768      -0.791890       1.566986
   198       8.836697       8.977266       2.119723      -1.450759       1.754620      -1.109129      -1.020479      -1.385476       1.767123
   199       9.082969       7.988946       2.959080      -0.396349      -0.473404      -0.366247       0.576809       0.592103      -1.587977
   200       7.814985       8.946649       2.840125      -1.419152       1.197302       1.474149      -0.532700      -0.519405      -1.880894
   201      -0.007144       0.024617       3.842278      -1.100470      -0.773244       0.752548       0.878287       0.365408       0.739600
   202       0.840535       0.949912       4.175739      -1.291301       1.148224      -0.226484       6.551351       0.546382      -7.488066
   203       1.177931      -0.186080       4.867042       0.515460      -0.361623       0.921448       1.201947       6.207302       8.867760
   204       0.108054       0.833600       4.906550       1.425594      -0.144816      -1.429045      -7.356878      -2.548879       7.261642
   205       1.967426       0.047496       4.115913      -1.837620       1.254638       0.421153       1.458197       0.981916      -0.223480
   206       2.871022       1.166690       3.815464      -0.074251       2.019417      -1.580791      -0.155226      -2.560489       3.640625
   207       3.125783       0.053540       4.891830      -0.510238      -0.069491      -1.045245       0.304121      -0.791735      -0.550711
   208       2.073278       1.002549       4.989757      -0.175253      -0.775946      -1.507514      -0.606014       0.424375       1.158589
   209       4.081319       0.065391       4.141709       1.220208       1.217540       1.536598      -1.892809      -1.947101       2.929057
   210       4.804231       0.867875       3.892167      -1.602009       1.686951       1.418568       1.140603       1.376681      -1.983694
   211       4.952608      -0.134695       4.965887      -1.564634       0.101525      -1.682098      -0.933295       0.180453      -0.621088
   212       3.860395       0.905725       5.051929       1.996161       0.610980       0.141354       2.429094      -0.798715      -2.406138
   213       5.862008       0.078724       3.950546       1.082368      -1.415289       0.185952      -1.989246       0.883368      -0.483461
   214       6.997729       1.198822       3.972910       0.668033       0.067040      -1.863234      -0.061920       2.097846      -1.228839
   215       6.935583      -0.193156       5.182539       0.351130      -0.776047       1.136543      -0.245445      -3.877092       0.922545
   216       5.834574       1.034148       5.187509       0.849647       1.488354       1.086502      -0.118929       2.353289       1.034896
   217       7.838404      -0.182423       4.047237      -0.217556       0.549278      -0.063881      -1.849499      -1.670777      -0.125696
   218       8.954849       1.147110       3.854483      -0.774210      -0.942936       1.724856       1.192405       2.964373       0.429857
   219       9.087517      -0.072449       4.858730       1.028811       0.961172      -1.266779       2.406918      -0.604785       0.341995
   220       8.181883       1.134810       5.097983       0.868167       0.260886      -1.168761     -38.201663     -40.399761      13.602511
   221       0.113730       1.899207       4.063374       0.802929      -0.027839       1.398546      -0.052489      -2.458874      -0.574142
   222       1.069313       3.109232       4.060690      -1.756558      -0.600033      -0.457215       1.135713       1.133353      -1.353273
   223       1.170967       1.960582       5.064957       0.331606       1.101594      -2.057537      -4.596734      -0.988126      -4.506769
   224       0.081339       3.036874       5.179182       1.683286       0.600562      -1.242717       1.682836       0.134679       2.046642
   225       2.177060       2.108205       3.806303       0.748546       1.103651       1.940511       2.205401      -5.359554       4.322516
   226       3.136980       3.126168       3.948066       1.840747      -1.190904      -0.554681      -1.162075       0.380386       0.009421
   227       3.102240       1.953768       5.006661      -0.424543      -1.699551       0.308686      -0.404147      -0.699494      -0.156925
   228       2.159826       2.869421       4.969892      -1.341542       0.300272       0.680080       0.397633      -0.827453      -0.298013
   229       3.978437       1.853400       4.001931      -1.394334       0.626371       0.649100      -0.924012      -1.084921       0.295214
   230       5.096574       2.951163       4.045035      -1.935512       0.637607      -1.107438       0.705536       1.890337       0.564670
   231       5.080963       2.101426       4.813767       1.921529      -1.977814      -1.533384       1.441549       0.963719       0.392888
   232       4.069207       3.160855       4.819640       0.614447      -1.891116      -0.865875      -0.291150      -0.248788      -1.547233
   233       5.995850       2.027378       3.800541      -0.499998       1.410646      -0.770437       0.337267       1.577828      -1.070864
   234       6.845559       2.908406       3.886082       1.407577       0.081964      -0.132598      -1.993929      -0.158825      -1.900375
   235       6.885269       2.084636       5.010916      -0.498928      -0.476593      -1.935041       0.273531      -1.078403       0.200206
   236       6.087412       2.885428       4.977218      -0.732312       1.088685       0.323105      -0.693208       0.437128      -0.481276
   237       8.076046       2.034117       4.125620       1.109218      -1.556148      -1.863560      -2.127713      -0.105514      -3.840106
   238       8.962156       3.030720       3.889775      -1.341239      -1.728027      -0.807308      -0.768722       1.225421      -1.608418
   239       8.817020       1.812304       4.885440      -0.978509       0.822156      -0.670087      41.298188      39.617771     -11.349328
   240       8.194167       3.108458       5.089592      -1.225873      -1.824030      -1.909790       1.699324       1.352844      -0.276546
   241      -0.135159       3.943588       3.960042      -1.967189       1.084126      -0.303601      -0.932314       0.431750      -1.168073
   242       1.019398       4.972934       3.950792      -1.353333      -0.357265      -1.442473      -1.526530       0.658137       0.399011
   243       1.093913       3.892423       4.897289       1.367992      -0.733449       0.863059       0.537277      -0.734443      -0.867833
   244      -0.081109       5.051552       4.948950       0.662850      -1.206525       0.432112      -1.797431       2.031577      -0.501673
   245       2.072020       3.868123       4.028148       0.447882      -0.826983      -2.011623       0.624636      -1.598660      -0.394130
   246       2.844505       4.929106       4.179646      -0.360047      -1.572102      -1.068052      -2.550115      -0.741428       1.179816
   247       2.952872       3.966132       5.167960      -0.351383      -0.053323      -0.879174       0.155811      -0.234708      -0.358232
   248       2.007764       5.188116       5.061571      -0.135000       2.051684       0.371765       1.158964      -4.675360      -9.127135
   249       3.980194       3.937374       3.941384      -1.150222      -1.121184       0.271909       1.520666      -1.728871       0.487582
   250       4.994369       4.896273       4.010064       1.931730      -0.986876       1.497479      -0.256073      -0.133560       0.395932
   251       4.925728       3.903427       4.930089      -0.122086      -1.725137      -1.628045       0.604668       0.880729      -0.124023
   252       4.081650       4.994007       5.159456       0.678493       0.655515       1.595973       1.062353      -0.695794       2.142246
   253       6.014062       3.817146       3.856488       1.531301      -1.630532      -0.640602      -0.064045      -2.382828      -1.526304
   254       6.966411       4.958306       3.905782       0.536788      -1.118797      -0.018895      -0.020928      -0.157881      -2.008052
   255       6.824346       3.909914       5.066157      -1.335484      -0.796046       1.269148      -2.400049      -0.398812       2.018145
   256       5.917857       4.974041       5.169149       0.383220      -1.229756      -0.153670       2.004029      14.005454     -11.102308
   257       8.109580       4.079645       4.070920      -1.667060      -1.815912      -1.625386      -0.166039       0.760447      -2.293216
   258       9.091072       5.097894       3.898394      -0.490036       1.924169      -1.375387      -1.402258      -0.981007       3.514413
   259       8.963864       4.161414       4.813499       0.324077       1.921114       0.536539       2.007511      -0.438562      -1.178850
   260       8.078392       4.825391       5.013478       1.129686       0.154318      -0.007116      -0.839027      -0.598330       0.011081
   261       0.136730       6.076766       3.835935      -0.861992       1.039937       1.853275      -1.264251      -1.488357       0.050583
   262       1.130877       7.160585       3.945770      -1.683701      -0.176940       0.758491      -0.656415      -1.434330      -0.004359
   263       0.924604       5.962107       5.001966      -0.242376      -0.714659      -0.150009       0.637946      -0.891268       0.123945
   264      -0.089709       7.070464       4.959957      -0.283062      -1.088878       0.527690      -2.872470      -0.718352       0.404827
   265       1.870066       6.073226       4.095212      -1.410966      -0.494058      -0.603570      -0.139268      -0.222447       2.446557
   266       2.876888       7.109870       4.089721       1.722643       0.103998       1.251439      -2.053712      -0.780698       0.102979
   267       2.897707       6.018780       4.923876      -1.962285      -0.908169       0.288398      -4.266814      -0.249353       1.797112
   268       2.062992       6.968978       5.082795       1.254004      -0.181175       0.966362      -3.353675      -0.631785      -3.664136
   269       4.073334       6.048961       3.867491       0.349498       1.001144      -1.632290       0.767144      -0.159938      -3.122211
   270       4.999212       7.121064       3.848237      -1.954317      -1.103154       1.843145       1.193490       1.892087       1.215185
   271       5.034852       5.851955       5.015181      -0.171623       0.287372       0.465599       2.582694      -1.372085       0.052059
   272       4.146197       7.095947       5.198348       1.754241      -0.332922       0.299635       0.437693       0.781714       1.874679
   273       5.835716       5.951120       4.014702      -0.617902       1.321741       1.753646      -1.057022       0.503376       1.388515
   274       6.989269       7.007987       4.084319       1.658286      -1.679365      -0.535074       1.286811       1.852363      -1.203904
   275       7.071442       5.890800       4.955770      -0.201358       1.404276      -0.158189       0.601484       0.489217       0.193858
   276       5.807928       6.922094       4.815099      -0.767608       1.854306      -1.217825      -1.960649      -0.094317      -1.859903
   277       8.025061       6.114903       4.093923       0.386896       1.486100       1.377771      -0.706343       1.297846       1.217232
   278       9.014287       7.157328       4.177154       0.480883       0.274253       0.257294       1.012052      -0.414032       1.585546
   279       9.178626       6.084775       4.861586      -1.845466       1.013802      -1.601294       1.496417       1.907256       0.281819
   280       7.889738       6.834930       5.162237      -1.910940       0.812387       1.469546      -2.535940       6.684443      -9.435363
   281      -0.089946       8.173484       4.147405      -0.633579       0.599049      -0.522183       1.850901      -1.426785       2.000020
   282       0.812696       9.102304       4.186145       0.303486      -0.562285       1.392317      -4.716462      -6.770000      -5.426765
   283       1.088516       8.179266       4.917457      -1.280925      -0.652075       1.610252      -0.477467       1.294004       0.498967
   284       0.087284       9.154794       5.094770      -1.845934       2.031504      -0.853810       0.971821       1.249104       0.156725
   285       1.864661       7.982805       4.124858      -1.145430      -1.285219      -0.339819       2.156046      -0.830519       0.097281
   286       3.109589       9.105665       3.991824       1.919296      -0.978836       1.507652       1.380046       0.696981       1.372548
   287       3.104168       8.188559       4.987376       0.801854       1.498863       0.426806      -0.268054       1.796790       0.053740
   288       2.177753       8.964282       5.158827      -1.731323      -0.603537      -0.626579      -0.162321      -0.283584       0.582727
   289       4.138183       8.061368       3.904550       0.466752       1.392494      -1.366077       1.949794       0.292232      -1.865674
   290       5.002484       8.843893       4.109802      -1.847860       0.357939       0.220883      -1.723860      -1.447990       1.435533
   291       4.909833       7.856449       4.833663      -0.429412      -1.924414       1.657611       0.580490       0.015560      -2.406100
   292       4.127418       9.034475       5.113217       1.589607       1.789949       1.120567       0.203357       0.197342      -0.074938
   293       6.019659       7.888637       3.965942      -1.399616      -0.874726      -0.431537       0.677014      -2.086113       0.614342
   294       7.046181       8.902263       4.130270       0.034296      -1.747359      -1.828979       1.466895      -1.495473       2.064333
   295       6.910931       8.036502       4.927527       0.092102       1.051199      -1.116338       1.169104       1.648843       0.093363
   296       6.116169       8.850005       5.198501       1.099122      -0.874167      -1.274801       3.137679       1.528120      -0.274078
   297       7.838970       7.917258       3.980225       1.902324      -1.074793       0.204246      -3.160817       2.511531       3.107830
   298       9.059101       8.845846       3.925128      -1.763407      -0.105712      -1.584128      -0.222539       1.206046      -2.034417
   299       9.052404       7.853605       5.139821      -0.111014      -0.667752       0.887560       1.798148       0.638646      -1.010654
   300       7.819986       8.978221       5.189088      -0.000009       0.676704       0.263270      -2.179228       1.582607      -2.468971
   301      -0.033514      -0.000121       6.013324       0.781961       1.756967       1.725584       0.758717      -1.583702       0.152047
   302       1.071275       0.985020       5.824523      -0.434017       2.064591       1.684850       2.474860       0.115175      -1.567699
   303       0.983839       0.028159       6.855278       1.165869      -0.033463       1.777241       0.138276       0.048943      -2.079105
   304      -0.191312       1.059583       7.107164       0.672840       0.834875      -1.879668      -1.554709      -0.275562       0.803030
   305       1.952854      -0.013090       6.008334       1.717109      -0.081940      -0.881015      -2.421540       0.129343       0.280389
   306       3.128274       1.131908       5.839154       0.180239       0.537556      -1.195042      -1.096488       0.384361       1.132029
   307       2.906423       0.084578       7.121547       1.596216      -0.824083      -1.670698      -2.318489      -1.140239       1.580729
   308       1.884564       0.824263       6.854805       0.745713      -0.361398      -2.080963      -0.037085      -2.346966      -0.976440
   309       3.943316       0.109954       6.043125       1.550703      -0.023213      -1.703876       0.889374       1.678045      -1.572372
   310       4.962388       0.942398       6.009952       0.081655       1.688182      -2.070534      -0.222294       0.416200      -1.755682
   311       4.929378       0.191500       6.833359       2.066479       0.797013      -0.705845      -0.557303      -0.520311      -0.290874
   312       3.957254       1.186598       6.995099       1.007403       1.362588      -2.043323       0.920495       1.595337      -0.841163
   313       5.977416       0.124021       5.828168      -1.434307      -1.784546      -0.243417      -1.052415      -0.811562      -0.351515
   314       6.999252       1.184262       5.810852       0.815204      -1.397021      -1.854757       0.302383       1.510640      -0.404150
   315       7.092078      -0.045608       6.995711      -0.759236       0.767820      -1.579727       0.866745       0.447463       2.976634
   316       5.895661       1.034838       7.191041       1.570314       0.761158      -0.200381      -0.237340       1.043541       1.839372
   317       8.181812       0.142450       6.010480      -1.023050       2.075366      -1.139508       1.646496       0.929695       0.204341
   318       8.977433       1.077589       6.168269      -1.204068       0.474975       0.571606      -0.346216      -0.911062       2.170434
   319       9.059710      -0.025014       6.966520       0.308572      -1.973639       0.287180       0.779865       1.189334       0.287481
   320       7.856070       1.084677       7.189921      -1.291792       0.366562       1.932282       0.746606       0.611397       1.054824
   321       0.047107       2.059818       5.999991       1.109185       0.991828      -1.965678       1.343089       2.435917       0.960204
   322       1.056026       2.824426       6.048731      -1.047936       0.111275       0.514000      -0.263620      -1.554561       0.142215
   323       0.815086       2.198462       7.191198       0.991349      -1.009297      -0.677845       0.108113       0.855551      -0.529468
   324      -0.087327       2.893436       7.140867      -0.339549       1.582248      -1.437695      -0.667742      -1.496602       0.329276
   325       1.857342       1.963972       5.874099       1.939789       1.684017      -1.860207       4.658823      -0.237339       3.790327
   326       2.944114       3.006975       5.855994       1.645151      -1.687849       1.013118      -0.720261      -0.880926      -0.814366
   327       2.995095       2.168330       6.943434      -0.277754       1.565755       1.635728       1.486321       1.247251      -0.070922
   328       1.987055       3.077711       6.952477       1.699697       1.878260       1.702022      -1.740582       1.350537       0.164547
   329       4.162845       2.069560       5.991509      -1.067938      -0.883936       0.587058      -0.080442      -0.633161       1.500894
   330       4.977333       2.932828       5.937867      -1.667882      -1.062459      -1.327045      -0.718731       0.019648       0.240052
   331       4.980013       1.978954       7.132823      -0.922891       1.738157       0.839421      -0.838087      -0.669406       0.722956
   332       4.115494       2.905816       6.843395      -1.913841       1.396122       1.986796       0.588842      -1.293884      -1.084369
   333       6.153510       1.928106       5.880293      -1.682765      -0.280087       0.452395      -0.086208       1.731998      -1.036254
   334       6.851598       3.088685       5.978844      -1.113097       1.299576       1.694161      -1.527903      -0.457164      -1.514852
   335       6.995945       1.813481       6.999016      -1.932599      -0.425638      -1.735995      -0.614459       0.424414       0.364313
   336       5.823425       3.099722       6.925112      -0.727424      -0.919162       0.719075      -0.199868       0.352028       0.064856
   337       7.805425       2.190149       6.183477      -0.370429      -0.766079      -0.614576      -2.419023      -0.512410       1.245006
   338       9.189187       3.123242       5.946811      -0.054911       1.933833      -0.482026       1.082995       1.140388      -0.126477
   339       9.009908       1.868154       7.126995       0.845201       1.534195      -2.023226      -0.722770       1.933647       1.211343
   340       8.084497       2.950210       7.181031       2.059945      -0.280892       0.070601     -30.573826      -1.798494     -23.330751
   341       0.095222       4.086981       6.118169       0.186793      -0.687151       0.484430      -1.408798       0.882001       1.244661
   342       1.139601       5.023988       6.114592      -1.574721       0.524042       1.834208       2.409162       0.294766       0.004002
   343       0.944921       3.843861       7.164956      -1.515069       0.406840       1.244380       0.456707       0.389990      -1.647476
   344      -0.149326       5.044391       6.881864       0.978998       0.605725      -0.460803      11.115911      -0.383579      11.825883
   345       1.850569       4.004946       6.184853      -0.626426      -1.470263       0.004699      -0.891925      -0.236422       1.126431
   346       2.954248       5.063813       5.930900      -0.319334       1.929031       0.184654      -0.443473       1.430714      -0.268458
   347       3.142569       4.094691       7.142565      -1.153152      -0.438966      -1.036343      -0.962270       0.426201       1.871340
   348       2.107012       4.827123       6.951797       0.638895       0.776176       0.813062       1.143769       0.047699      -1.522586
   349       4.042645       4.093033       6.060784       0.597943       1.927427      -0.921905       0.362506       1.357893      -0.128163
   350       5.193222       4.891506       5.991224       0.404169      -0.274716       1.508035     -11.963359       9.792091       4.907796
   351       5.098474       4.109649       6.963149       1.491892       0.073561       0.421654       1.844604       0.667696      -1.765463
   352       3.829619       5.007206       7.006822       1.585177       0.444344      -0.415253      -1.868765      -0.349072      -0.879340
   353       5.928275       4.190999       5.828629       0.310615       1.700830       1.515784      12.042043     -22.449238       8.265334
   354       6.844768       4.959611       5.968822       0.695120      -0.493289       0.842306      -3.317728      -0.002038      -0.402902
   355       6.982543       3.910734       6.847584      -0.137746      -1.890050      -1.905368      -0.419019      -0.601060      -1.846778
   356       5.876465       5.162064       6.971445       0.858310       1.332079      -1.054862       1.048694      -0.399046      -0.234573
   357       8.104166       4.116875       6.007369       1.031812       1.080941       0.280468       1.458327       0.817751      -0.614387
   358       9.133772       4.992991       6.158986      -0.315614       0.376074       0.157195     -12.887064      -1.381565     -12.884311
   359       8.882557       4.185573       6.923831       0.690490      -1.845355       0.837316       2.132374      -1.761829       0.201199
   360       8.088551       4.932395       6.817167       1.011033       0.144101      -1.236337      -0.726183       2.445491      -0.282317
   361      -0.013683       5.953922       5.815232      -0.486379      -1.052732       0.837178      -1.331051      -0.523018      -2.450355
   362       1.120188       7.091063       5.875569      -1.460712      -0.486300       1.709541       1.295308      -0.253634       0.064383
   363       1.099321       6.139836       6.957362       1.788724      -0.694963      -1.740527       0.401147       1.153954      -1.418381
   364       0.108388       6.992184       6.892369       1.258170       0.511754       0.808261       1.005686       0.008529      -0.196371
   365       2.026734       5.825694       5.887322       1.264622      -0.070926       1.226688       1.669671       7.346788       8.298537
   366       2.808793       6.914021       5.868137       1.391052      -1.695766      -1.556650       1.851871      -2.104262       4.675141
   367       2.869240       6.057072       6.969202      -1.887400       0.484711      -1.085521      -0.564613       1.206184      -1.423734
   368       2.172234       7.060828       6.874339       0.178842      -1.698519      -1.214011       1.042727       0.056603      -0.911245
   369       3.804907       5.944552       6.094417      -0.015558       0.586037       1.182504      -2.766996      -0.710646       0.672159
   370       5.042962       6.938556       5.931637      -0.127606       0.112890       0.680925      -0.306188       0.743364      -0.762992
   371       5.107501       5.988439       7.033637      -0.092196      -0.953010       1.265725       1.728170       0.371996       0.895086
   372       3.920241       7.052584       6.867242      -1.752358      -1.775221       0.644572       3.449704      -2.279624      -2.282764
   373       6.142088       5.956848       5.823412       1.689465       2.096347      -1.170616       0.032670      -2.275182       0.125440
   374       6.838791       7.162444       6.093926      -1.184639       0.595489       0.713097      -0.512358       2.228239       0.629182
   375       6.902205       5.847094       6.947673      -1.177434      -1.411486      -0.009170      -3.041743      -0.843696       0.449150
   376       6.035136       6.872945       6.918651      -1.908347      -0.575682      -0.585548       0.506886      -0.843680       0.094183
   377       8.154079       6.138006       5.891156      -1.837220      -1.854134      -1.081738       4.620582      -6.520051       8.385091
   378       9.080870       6.949995       5.800757      -1.045051      -1.060444       1.409298       0.587505      -3.163903      -1.197206
   379       8.909666       6.197877       7.120285       0.967640      -1.491957      -0.372335      14.222362     -16.089388     -16.997142
   380       8.094991       6.867604       7.023821       0.579563      -1.644078       0.815249      -5.323710       4.893764      -0.817429
   381      -0.066519       7.942472       6.116424      -1.989897       1.855543      -1.699979      -2.134174      -1.485451      -0.799283
   382       0.918571       9.145944       6.098258       1.555893      -1.295906       1.744778      -0.968913       2.111095      -1.226627
   383       1.190164       7.979640       7.078021      -0.024278       0.717521       1.884365       1.674985      -0.676008       1.148545
   384       0.052186       9.135848       7.195370       1.125062       0.008146       0.835903       0.310598       0.513315      -0.449868
   385       1.914059       7.931234       5.965916      -1.729403      -1.991853      -0.609184       0.180661      -1.913730      -0.616683
   386       3.088332       9.022239       6.060071       2.071310      -0.719301      -1.161696      -0.071770       0.145091      -0.774313
   387       3.164673       7.807030       7.024266      -0.069870      -0.482189      -1.217260      -3.053168       3.383078       1.833760
   388       2.199426       8.975358       7.114735      -1.407031      -0.442115       1.243763     -18.362886      -3.103721     -17.524103
   389       4.198157       7.965028       6.072015       0.660849       0.215427      -1.428663       1.320269      -0.765186       1.034002
   390       4.915066       8.974297       6.154326       1.821612       1.706715      -1.573877      -0.416376      -1.452828       0.794227
   391       4.877078       7.962448       7.078828      -1.341123      -0.986643      -1.963650      -1.215444       1.870623       1.461132
   392       3.971225       8.902942       7.167073      -0.183897       0.970381       1.705707       1.010806       2.835265      -3.824955
   393       5.979868       8.170970       6.081178       0.432528      -1.144168       1.143820       2.267527       0.176060       3.041383
   394       7.059341       8.812897       6.012874       0.031301       0.974121      -1.589618     -20.412319      15.409641      -0.570758
   395       6.953978       8.147049       6.913739       1.596103       0.808135       1.309247      -0.814202      -0.180989      -1.684050
   396       5.891730       8.905511       7.035259      -1.684679       1.560231      -0.358085      -0.857848      -2.767467      -0.399634
   397       7.802600       8.144638       5.925862      -1.261524      -1.206375       1.882827      15.597077     -16.949725      -0.383877
   398       9.005219       8.920694       5.913277      -0.082167       1.036015       1.875920       0.302533      -0.808539      -0.511177
   399       8.946742       8.171032       7.063645       0.146399       1.159913       1.643561      -0.906887      -0.740385      -0.336349
   400       7.945199       8.815629       7.178871       0.595699      -1.373075      -1.055492      -0.707078      -0.560542       2.016993
   401      -0.081610      -0.180806       8.098462      -0.697723      -0.838697       1.519823      -0.260571      -0.952400       0.748395
   402       0.818680       1.039289       7.922974      -0.156909      -1.807646      -0.577868      -1.295442       1.046837      -0.986680
   403       1.041392      -0.032990       8.817495       1.351581      -0.374372      -1.354979       1.785826       0.287179      -0.533676
   404      -0.125814       0.982821       9.186979      -0.934478      -1.447508       1.584906       2.053726       0.415341      -0.826622
   405       2.057470      -0.179964       8.081168      -1.910144      -0.822082      -0.418895      -0.717893       0.231214       0.879957
   406       2.819047       1.078732       7.862081       0.976688      -0.279880      -0.371914      -0.107697      -0.410258      -0.973241
   407       2.967993      -0.172875       9.101383      -0.912609       1.664103       0.517988      -0.598609      -1.821838       0.204580
   408       1.926816       0.899437       8.995426       0.087420       1.236100       0.586575      -0.166755      -0.294703       0.574258
   409       4.035936      -0.142116       8.063987       1.235627       1.660741      -0.560344      -0.581823      -2.099428       0.736082
   410       5.060148       1.131936       8.179968       0.305040      -0.334838      -0.627383      -0.816945      -1.135004      -4.360287
   411       4.925681      -0.187143       9.153475      -1.655846      -1.151687      -1.964821      -0.883313      -1.873309       0.029755
   412       4.006992       0.876520       8.825917       0.068324      -0.479779       1.335336       1.034655       1.512576       0.279041
   413       6.155404      -0.066058       7.865881      -1.689447       0.459598      -0.948602       3.080114       1.029607       0.193756
   414       6.894692       1.012997       7.843431      -1.677413       0.758367      -0.243487      -0.632098      -0.754933       0.299579
   415       6.867266       0.175476       8.843254      -1.455450      -0.762461       0.221759       8.195535     -10.750591      -5.321772
   416       6.199046       0.905782       9.125268      -0.214565       0.844899      -1.726192      -8.483217      11.323953       5.245521
   417       8.077341      -0.111142       7.907046      -1.369679       0.648825      -0.455375       0.423557      -2.536343      -0.926580
   418       8.803497       1.013263       7.835661      -0.671452      -1.028050       1.200430      -0.139231      -0.450280      -0.807726
   419       9.053189      -0.094467       8.865719      -1.409619      -1.504623      -1.049508       0.495133      -0.426705      -0.473803
   420       7.891470       1.142160       9.013372      -0.558475      -1.635717      -1.196860       4.027872      -1.050644       0.670594
   421      -0.032429       1.907450       7.901129      -0.898394      -1.066604      -1.601402      -1.388247      -0.743784      -3.230454
   422       1.122803       3.061189       7.939390      -1.687538       0.470322       0.742101       2.309777      -0.503765       1.020112
   423       1.119713       2.081994       9.176781       1.030383       1.015483       0.902281       2.193629       0.060492       0.358701
   424       0.082122       3.113265       9.153465       1.907451      -1.826799      -0.729319       1.505690       2.026025       2.412284
   425       1.984739       1.879135       8.120079      -1.012208       0.601733      -0.056154      -0.873497      -0.674297       1.383949
   426       3.097886       3.113553       7.863776      -0.820533      -0.843117       1.981792      -0.903197       2.801211      -0.389993
   427       3.142237       1.930403       9.192166      -0.013779       0.781662       0.534616       2.261834      11.001060      -6.813110
   428       1.972516       3.117988       8.918564      -2.011842      -0.017830      -1.313610       1.124508      -2.764039       0.662575
   429       4.012397       1.818232       8.111728      -1.738962       1.573924      -1.725917       2.007094      -1.704799       0.686851
   430       4.830672       3.145803       8.137130       1.834498       1.761169       0.724242      -1.377657      -0.392927       0.083898
   431       4.906204       1.873409       8.957161      -1.705020      -0.541764       1.503439      -3.313025       2.640279       4.166321
   432       3.983759       2.981427       9.059533      -0.744272      -1.809202      -0.687945       0.658985      -1.327667      -0.425391
   433       6.058691       2.188131       7.855397      -1.241252       0.105983       1.239814      -0.712763      -1.463687      -1.383013
   434       6.945368       2.885493       7.842007      -0.967681      -1.330035       0.809229       1.694046      -0.890628       0.158577
   435       7.183031       1.946938       8.896692       0.399367       0.011825      -2.061424      -2.408485       4.625056      -0.386978
   436       6.134529       2.885510       8.894699      -0.453506       1.509545      -1.890072       1.313775       0.062529      -0.801619
   437       8.023264       2.034957       7.993805       0.929420      -0.820377      -1.954338       0.351710       0.097242      -0.616091
   438       8.835047       2.945667       7.805029      -0.772225      -0.156478      -0.413837      28.279898      -2.153011      24.346331
   439       8.907168       1.894161       9.150288      -1.501813       1.806537      -0.623921      -1.670340      -1.660623       0.874809
   440       8.117370       2.941377       8.801656       1.254651      -1.836924      -1.017365       0.871587      -2.284574      -0.785122
   441       0.080699       4.131582       8.026598      -0.026619      -1.034187       1.721791       2.524382       1.055418      -0.396312
   442       1.031413       4.996629       8.071259      -0.140011       1.278898      -0.689906      -1.461930      -0.672851       1.705072
   443       1.170434       3.837801       9.182443       0.983094       1.139134       0.487525      -1.735196       0.358182       1.290347
   444       0.185550       5.012376       9.018854      -1.612620      -0.166911      -1.128677      -3.687933       0.909265      -5.272631
   445       2.040512       3.907280       8.136598      -0.957601      -1.151989       0.560368      -5.405613      -0.022900      -7.058734
   446       3.157119       4.826849       8.112958      -0.703132       0.307802      -1.779625      -1.811897       0.589612       0.192409
   447       2.811396       3.918236       8.867944      -1.821770      -1.382332       0.022213       5.587748       0.403361       3.027762
   448       2.194358       5.089295       9.144147      -0.868787       1.712835       0.602902       1.237959       0.565229      -0.236639
   449       3.856432       3.974622       8.046811      -1.259112       1.492334      -0.317433       0.851167      -2.991591       0.600285
   450       5.125748       5.187131       8.110168      -0.366524       0.139996       0.826826      -2.546077      -2.713756       1.422846
   451       5.089099       4.020890       8.805689       0.440741      -0.217220       1.564580       1.917310       1.712160      -0.037776
   452       3.869847       5.132992       9.066639       0.842462       1.362396       1.744764      -0.459058       2.781386       0.084995
   453       6.001495       4.075750       8.010340      -0.243143      -0.407231       1.397579      -0.986698       1.198894       1.680007
   454       6.939574       5.107680       7.972551       0.753489       1.401859       1.113537      -2.048362       1.132338      -0.042055
   455       6.883304       3.905028       8.967013       2.043478       0.353165       1.103532      -2.767660      -0.143106       0.824085
   456       5.999447       4.945752       9.001521       1.026230      -0.321893       1.186742      -1.849444      -0.818183      -1.909899
   457       8.148597       4.132545       8.047350      -1.164698      -0.830981      -0.051663       2.142375      -0.440159      -0.438908
   458       8.824540       5.130240       8.031209       1.854383      -0.843932      -0.717628      -0.472378       1.499295      -1.183369
   459       8.912557       3.859808       9.125893       0.653674      -1.767986      -0.652646      -0.415031      -1.832450       1.213117
   460       7.956751       5.098421       9.129989      -1.130644       0.660760       1.480256       2.671673       2.492028      -1.438793
   461      -0.130236       5.894684       8.027461       1.665018      -0.568262       1.687677      -2.783889      -0.868525       0.964407
   462       1.042869       6.877869       7.839825       1.845817      -0.851312       0.665674       0.601066       1.391261      -0.385699
   463       0.935550       5.935483       9.140267      -1.060374       0.852401      -0.309399      -0.421359      11.041895      -7.952316
   464      -0.062849       7.011367       9.025328       1.645919       1.781928       1.067182       0.524072       0.880510       2.178078
   465       2.164361       5.878851       8.070886       1.496854       1.172378       0.615452       1.504239       1.636246       1.115662
   466       2.843404       6.864118       7.858086       0.279611      -1.983442       0.254831      -0.634786      -0.865834      -0.794453
   467       3.031589       6.196624       9.048729       2.061009      -1.449713      -0.030652      -0.146603     -15.895611     -21.053437
   468       1.890060       6.827327       8.857141      -1.196761       1.135883       0.605862      -0.500790      -1.324650      -0.745288
   469       4.040404       5.994415       8.193429       1.273589      -0.949583       0.041225      -0.112723      -0.879987       3.247552
   470       4.962819       7.191978       8.093167       1.830543      -0.264813      -1.478910      -2.178051      -2.741854      -3.111997
   471       4.931089       5.866012       9.135484       0.795166       1.067623       1.848290      -0.872470      -2.480282      -0.445356
   472       3.873189       7.128206       8.882353       1.863441       1.134728      -1.840955      -1.787821       0.512369      -0.161679
   473       6.008190       5.804453       8.034143       1.728464      -1.087487       1.683834       4.561669       0.956353      -2.343889
   474       6.923610       6.935329       7.887665      -1.186052       1.051085       1.369398      -0.744990      -1.545053      -0.480594
   475       7.169931       6.151974       8.883816       1.237514      -1.673572       1.145793       1.745624       0.565523       1.146404
   476       5.957290       7.197213       9.073098      -0.864875      -1.240087       0.496327      -1.700082       1.704084       0.376486
   477       8.190805       6.118142       7.866379       0.120564      -0.355329       0.136910      -7.433112      -2.301174       9.975239
   478       8.963074       6.964774       7.805255      -0.371408       1.297335      -0.035962       0.509534      11.999754       9.570156
   479       8.998900       5.803752       8.959200      -1.324883      -1.361192      -0.470431       0.806484      -0.495958       1.024453
   480       7.954272       7.114663       9.195517       1.936017      -1.247498      -1.185989      -0.079381      -0.108677       1.932686
   481       0.031635       7.931097       8.101340       1.048991      -1.931475       1.114688      -0.463966       0.714583       1.710640
   482       1.016657       8.801822       7.923702      -1.133320      -1.363754      -1.763103      -2.393994       1.017332      -1.410776
   483       1.055396       7.812387       9.195034       1.941449       1.211840       1.972706       2.089081      13.486938     -10.792405
   484      -0.086404       8.846191       8.991020      -0.529646      -0.438890      -0.533647      -1.465270      -0.832504       0.101431
   485       1.867282       8.113447       8.130244      -1.875706       0.457751       0.359498       1.302502      -0.584255      -0.357788
   486       2.885655       9.125287       7.822073      -1.669217      -0.330930      -1.003787      22.109631       2.431304      18.434334
   487       3.058241       8.036652       8.835215      -0.079228       0.676194       1.466969       2.563581       1.109644       0.570691
   488       2.039157       9.048157       9.196461       0.216989       1.119454      -1.254456       0.918994       1.510632       0.196251
   489       3.861531       8.199992       7.964671      -0.416120       0.768053       1.899056       0.267556      -3.760944       5.213294
   490       4.918827       8.871367       8.004504       0.971638       1.268607       0.722198      -2.020540      -3.036335      -1.139723
   491       5.026956       7.995803       8.809419      -1.670624      -1.441963      -1.114072       0.809885       3.904718       1.848514
   492       3.920547       8.877419       9.144309       0.203508       1.416004      -0.590900      -1.269636      -1.129423      -0.500106
   493       5.820384       7.856484       7.821730       1.235131      -1.178825      -0.086949      -1.055068       1.449338      -0.882547
   494       7.198161       9.032003       8.175140       0.805037       1.629222       1.709822      -6.757226       2.544637      -8.642402
   495       6.814857       7.954153       9.082926      -1.434417       1.607536       0.123823       0.561826       0.256480       1.655444
   496       6.027223       9.114917       8.968313       2.031702       0.672305       0.376159       0.361832       1.268238       0.641726
   497       8.143723       7.998908       8.039081      -1.629815       0.070230      -1.314126       1.545470       1.338321      -0.053865
   498       8.840373       8.882906       7.910158       0.669712      -1.291178      -0.023574      -0.677818       3.559964       2.728898
   499       8.968561       7.835833       8.921678      -1.525338       0.532366       1.128719      -0.022692      -0.076593      -0.882869
   500       7.980794       8.939238       8.857513      -1.098792      -0.386158       1.173268      10.369199      -2.776926       4.501585
